206.259360294 -66.3222621355
192.870288523 -79.5610131586
214.624215368 -69.3668597722
327.253089109 -82.6271427276
230.993629692 -84.3980472792
104.979392593 -84.6006201425
177.158668942 -81.2347863908
192.619095266 -82.587086841
260.224103128 -77.7745362697
353.460438638 -84.2249922745
270.388339774 -82.4113432418
1.41345799071 -87.9563129892
335.611997213 -84.9693788854
151.175489925 -88.7067504631
204.673936315 -73.7707064977
202.589687702 -84.1945679364
294.47379188 -84.1588211021
257.194017569 -81.4840892656
246.638687483 -75.013728965
244.24882327 -80.3987770529
151.160597547 -68.6755448845
61.6420731912 -71.7488474514
227.800510035 -86.1596576754
164.731254 -82.4257617087
248.807506728 -80.4836167258
39.4620512955 -72.0419846375
41.4685026888 -66.6119866182
71.4604994888 -79.6080300937
204.98827471 -69.3875175008
189.161334546 -83.5571368058
21.2200672881 -78.4123227384
355.47676622 -77.905975195
290.629271115 -82.2171082426
217.060080641 -81.1696346803
201.43244828 -61.3415136875
106.711049293 -87.0133032134
71.0245243473 -74.2917735367
89.0908206039 -72.0147149436
99.7402911387 -89.0616431243
39.5527793158 -78.6178831247
144.517247841 -88.5833971505
27.1675427601 -84.7000850204
36.0330135915 -63.3339797099
353.329477827 -74.3697370981
0.803604187795 -49.8584218397
141.061727897 -69.9626813855
337.924640958 -52.0733759237
158.020444626 -73.3920163085
26.3189013646 -77.3477625222
